0_0	7_0	99.07	107	1	0	1	107	1	107	5e-76	  216
0_1	7_1	79.17	48	10	0	1	48	1	48	9e-22	73.6
0_3	7_2	99.21	127	0	1	1	126	1	127	4e-91	  256
0_4	7_3	81.25	96	18	0	1	96	1	96	7e-57	  167
0_6	7_7	95.24	42	2	0	1	42	1	42	4e-26	84.3
0_7	7_8	100.00	102	0	0	1	102	1	102	3e-73	  209
0_7	7_13	26.53	49	36	0	26	74	40	88	2e-05	33.1
0_8	7_9	94.52	73	4	0	1	73	1	73	1e-48	  144
0_9	7_10	98.82	85	1	0	1	85	1	85	3e-60	  174
0_10	7_11	97.12	104	3	0	1	104	1	104	1e-74	  212
0_11	7_12	95.00	80	4	0	1	80	1	80	3e-54	  158
0_12	7_13	91.27	126	11	0	1	126	1	126	2e-84	  239
0_12	7_8	24.49	49	37	0	40	88	26	74	2e-04	30.8
0_13	7_14	96.55	116	4	0	1	116	1	116	1e-83	  236
0_14	7_15	97.79	271	6	0	1	271	1	271	0.0	  556
0_15	7_18	25.81	155	88	4	1	129	4	157	6e-08	42.7
0_16	7_19	98.11	264	5	0	142	405	1	264	0.0	  550
0_16	7_17	100.00	141	0	0	1	141	1	141	3e-100	  291
0_17	7_20	96.67	60	2	0	1	60	1	60	5e-38	  116
0_18	7_21	97.43	272	7	0	1	272	1	272	0.0	  522
0_19	7_22	45.45	55	30	0	7	61	8	62	2e-14	55.5
0_21	7_24	96.72	61	2	0	1	61	1	61	4e-38	  116
0_22	7_25	98.15	108	2	0	1	108	1	108	2e-76	  217
0_23	7_26	97.43	350	9	0	1	350	1	350	0.0	  719
0_24	7_27	98.72	391	5	0	1	391	1	391	0.0	  812
0_25	7_28	97.02	168	5	0	1	168	1	168	7e-123	  340
0_26	7_29	95.45	66	3	0	1	66	1	66	2e-41	  125
0_27	7_30	97.67	86	2	0	1	86	1	86	1e-55	  162
0_28	7_32	97.28	147	4	0	1	147	1	147	1e-105	  294
0_29	7_33	98.73	314	4	0	1	314	1	314	0.0	  655
0_30	7_34	96.15	78	3	0	1	78	1	78	9e-52	  152
0_31	7_35	94.59	74	4	0	1	74	1	74	5e-50	  147
0_32	7_36	95.71	70	3	0	1	70	1	70	6e-48	  142
0_33	7_37	97.06	102	3	0	1	102	1	102	2e-71	  204
0_34	7_38	93.90	853	52	0	1	853	1	853	0.0	 1664
0_35	7_39	96.05	683	25	1	1	681	1	683	0.0	 1348
0_36	7_40	100.00	131	0	0	1	131	1	131	1e-96	  270
0_37	7_41	95.54	112	5	0	1	112	1	112	3e-78	  222
0_39	7_43	98.89	361	4	0	76	436	1	361	0.0	  746
0_39	7_42	100.00	74	0	0	1	74	1	74	9e-50	  159
0_40	7_44	100.00	176	0	0	1	176	1	176	6e-134	  369
0_41	7_45	99.66	581	2	0	1	581	1	581	0.0	 1208
0_42	7_18	48.15	27	14	0	115	141	121	147	1e-04	33.1
0_43	7_45	89.23	297	30	1	27	323	565	859	0.0	  563
0_44	7_46	94.06	101	6	0	1	101	1	101	8e-70	  200
0_45	7_47	98.92	93	1	0	1	93	1	93	9e-68	  194
0_46	7_48	98.77	326	4	0	1	326	1	326	0.0	  675
0_47	7_49	99.72	717	2	0	1	717	1	717	0.0	 1502
0_48	7_50	100.00	250	0	0	1	250	1	250	0.0	  519
0_49	7_51	98.13	267	5	0	1	267	1	267	0.0	  527
0_50	7_52	99.46	184	1	0	1	184	1	184	8e-137	  376
0_51	7_53	96.64	149	5	0	1	149	1	149	1e-98	  277
0_52	7_54	97.73	88	2	0	1	88	1	88	2e-62	  180
0_53	7_55	100.00	50	0	0	1	50	1	50	3e-33	  103
0_54	7_56	97.78	45	1	0	1	45	1	45	1e-27	89.0
0_55	7_57	100.00	76	0	0	1	76	1	76	9e-53	  154
0_56	7_58	97.82	3753	77	1	1	3753	1	3748	0.0	 7546
0_57	7_59	93.86	651	37	1	1	648	1	651	0.0	 1228
0_58	7_60	77.12	153	29	2	1	153	1	147	4e-77	  222
0_59	7_61	96.43	56	2	0	1	56	832	887	7e-33	  112
0_60	7_61	95.58	838	37	0	1	838	1	838	0.0	 1582
0_61	7_62	99.28	278	2	0	1	278	1	278	0.0	  572
0_62	7_63	99.53	211	1	0	1	211	1	211	6e-156	  427
0_63	7_64	99.75	400	1	0	1	400	1	400	0.0	  825
0_64	7_65	99.26	406	3	0	1	406	1	406	0.0	  816
0_65	7_66	100.00	114	0	0	1	114	1	114	2e-81	  230
0_66	7_67	99.60	756	3	0	1	756	1	756	0.0	 1558
0_67	7_68	99.40	166	1	0	1	166	1	166	1e-121	  337
0_68	7_69	100.00	211	0	0	1	211	1	211	4e-159	  435
0_69	7_70	100.00	86	0	0	1	86	1	86	5e-60	  174
0_70	7_71	97.27	110	3	0	1	110	1	110	1e-75	  215
0_71	7_73	78.57	140	30	0	1	140	1	140	3e-72	  228
0_71	7_74	32.41	108	66	5	4	106	291	396	2e-05	39.3
0_72	7_74	76.20	395	88	2	1	394	1	390	0.0	  607
0_72	7_73	28.46	130	81	6	294	414	8	134	4e-05	36.6
0_73	7_75	98.31	236	4	0	1	236	1	236	9e-180	  490
0_74	7_76	99.62	529	2	0	1	529	1	529	0.0	 1098
0_75	7_77	100.00	229	0	0	1	229	1	229	4e-173	  472
0_76	7_78	100.00	92	0	0	1	92	1	92	2e-65	  187
0_77	7_79	96.21	132	5	0	1	132	1	132	6e-94	  263
0_77	7_80	37.50	40	25	0	32	71	29	68	1e-04	31.6
0_78	7_80	95.19	104	5	0	1	104	1	104	6e-73	  208
0_78	7_79	38.89	36	22	0	33	68	36	71	3e-04	30.0
0_79	7_81	93.81	97	6	0	1	97	1	97	3e-64	  186
