4_0	5_0	99.07	107	1	0	1	107	1	107	4e-76	  216
4_1	5_1	97.92	48	1	0	1	48	1	48	5e-29	92.4
4_3	5_2	99.21	127	1	0	1	127	1	127	7e-93	  260
4_5	5_3	66.67	60	20	0	1	60	1	60	1e-28	93.2
4_6	5_5	92.00	50	4	0	1	50	1	50	6e-21	71.6
4_8	5_6	97.62	42	1	0	1	42	1	42	1e-26	85.9
4_9	5_7	100.00	102	0	0	1	102	1	102	3e-73	  209
4_9	5_12	26.53	49	36	0	26	74	40	88	3e-05	32.7
4_10	5_8	91.78	73	6	0	1	73	1	73	1e-47	  141
4_11	5_9	100.00	85	0	0	1	85	1	85	3e-61	  177
4_12	5_10	95.19	104	5	0	1	104	1	104	4e-73	  209
4_13	5_11	97.50	80	2	0	1	80	1	80	6e-56	  163
4_14	5_12	92.86	126	9	0	1	126	1	126	4e-87	  246
4_14	5_7	26.53	49	36	0	40	88	26	74	2e-04	30.8
4_15	5_13	98.28	116	2	0	1	116	1	116	2e-84	  238
4_16	5_14	99.26	269	2	0	1	269	1	269	0.0	  564
4_17	5_15	33.15	181	118	2	1	179	1	180	3e-27	97.1
4_18	5_16	97.53	405	10	0	1	405	1	405	0.0	  835
4_19	5_17	93.33	60	4	0	1	60	1	60	8e-36	  110
4_20	5_18	88.45	277	28	1	1	273	1	277	4e-174	  478
4_21	5_19	96.77	62	2	0	1	62	1	62	5e-42	  126
4_22	5_21	100.00	61	0	0	1	61	1	61	1e-39	  120
4_23	5_22	87.96	108	13	0	1	108	1	108	5e-68	  196
4_24	5_23	98.86	350	4	0	1	350	1	350	0.0	  727
4_26	5_24	97.44	391	10	0	1	391	1	391	0.0	  803
4_27	5_25	100.00	168	0	0	1	168	1	168	2e-126	  349
4_28	5_26	95.45	66	3	0	1	66	1	66	1e-41	  125
4_29	5_27	98.84	86	1	0	1	86	1	86	2e-57	  167
4_30	5_28	97.96	147	3	0	1	147	1	147	1e-105	  294
4_31	5_29	96.82	314	10	0	1	314	1	314	0.0	  644
4_32	5_30	96.15	78	3	0	1	78	1	78	6e-52	  152
4_33	5_31	91.89	74	6	0	1	74	1	74	8e-47	  139
4_34	5_32	100.00	70	0	0	1	70	1	70	1e-50	  149
4_35	5_33	100.00	104	0	0	1	104	1	104	2e-74	  211
4_36	5_34	100.00	37	0	0	1	37	1	37	4e-21	71.2
4_37	5_35	94.85	854	44	0	1	854	1	854	0.0	 1697
4_38	5_36	97.14	350	10	0	1	350	1	350	0.0	  705
4_38	5_37	97.55	286	7	0	396	681	1	286	0.0	  569
4_39	5_38	100.00	131	0	0	1	131	1	131	1e-96	  270
4_40	5_39	93.83	81	5	0	30	110	1	81	8e-53	  156
4_41	5_40	98.85	436	5	0	1	436	1	436	0.0	  900
4_42	5_41	99.43	176	1	0	1	176	1	176	4e-133	  366
4_43	5_42	99.88	859	1	0	1	859	1	859	0.0	 1795
4_44	5_43	97.03	101	3	0	1	101	1	101	1e-71	  204
4_45	5_44	92.94	85	6	0	1	85	1	85	7e-58	  172
4_47	5_45	98.77	326	4	0	1	326	1	326	0.0	  675
4_48	5_46	100.00	717	0	0	1	717	1	717	0.0	 1504
4_49	5_47	99.60	250	1	0	1	250	1	250	0.0	  518
4_50	5_48	98.13	267	5	0	1	267	1	267	0.0	  527
4_51	5_49	100.00	184	0	0	1	184	1	184	3e-137	  377
4_52	5_50	95.97	149	6	0	1	149	1	149	5e-68	  199
4_53	5_51	92.86	56	4	0	33	88	1	56	2e-36	  113
4_54	5_52	100.00	50	0	0	1	50	1	50	3e-33	  103
4_55	5_53	97.78	45	1	0	1	45	1	45	5e-28	89.4
4_57	5_55	98.00	3753	70	1	1	3748	1	3753	0.0	 7562
4_58	5_56	86.13	649	87	1	1	649	1	646	0.0	 1122
4_59	5_57	99.35	153	1	0	1	153	1	153	7e-109	  303
4_60	5_58	99.44	711	4	0	1	711	1	711	0.0	 1462
4_61	5_59	98.95	190	2	0	1	190	1	190	1e-142	  392
4_62	5_60	98.92	278	3	0	1	278	1	278	0.0	  572
4_63	5_61	100.00	211	0	0	1	211	1	211	3e-156	  428
4_64	5_62	99.75	400	1	0	1	400	1	400	0.0	  825
4_65	5_63	98.05	410	4	1	1	406	1	410	0.0	  809
4_66	5_64	100.00	114	0	0	1	114	1	114	2e-81	  230
4_67	5_65	99.47	756	4	0	1	756	1	756	0.0	 1555
4_68	5_66	96.99	166	5	0	1	166	1	166	4e-119	  330
4_69	5_67	97.16	211	6	0	1	211	1	211	5e-155	  425
4_70	5_68	98.84	86	1	0	1	86	1	86	8e-59	  171
4_71	5_69	98.18	110	2	0	1	110	1	110	5e-76	  216
4_72	5_70	97.41	348	9	0	1	348	504	851	0.0	  703
4_73	5_70	98.78	491	6	0	1	491	1	491	0.0	 1012
4_73	5_71	36.60	153	78	7	20	155	307	457	1e-14	68.6
4_74	5_71	97.37	1064	27	1	1	1063	1	1064	0.0	 2142
4_74	5_70	36.00	150	77	7	306	453	20	152	7e-14	67.0
4_75	5_72	99.58	236	1	0	1	236	1	236	0.0	  495
4_76	5_73	100.00	529	0	0	1	529	1	529	0.0	 1102
4_77	5_74	100.00	229	0	0	1	229	1	229	4e-173	  472
4_78	5_75	98.91	92	1	0	1	92	1	92	2e-64	  185
4_79	5_76	96.21	132	5	0	1	132	1	132	2e-95	  267
4_79	5_77	35.00	40	26	0	32	71	29	68	4e-04	30.0
4_80	5_77	95.19	104	5	0	1	104	1	104	2e-73	  209
4_80	5_76	37.50	40	25	0	29	68	32	71	7e-05	31.6
4_81	5_78	98.91	92	1	0	1	92	1	92	4e-64	  185
