0_0	4_0	96.26	107	4	0	1	107	1	107	1e-74	  213
0_1	4_1	79.17	48	10	0	1	48	1	48	9e-22	73.6
0_2	4_2	98.59	71	1	0	1	71	1	71	1e-50	  149
0_3	4_3	99.21	127	0	1	1	126	1	127	4e-91	  256
0_4	4_5	66.10	59	20	0	1	59	1	59	9e-28	91.3
0_6	4_8	100.00	42	0	0	1	42	1	42	4e-27	87.0
0_7	4_9	100.00	102	0	0	1	102	1	102	3e-73	  209
0_7	4_14	26.53	49	36	0	26	74	40	88	1e-04	30.8
0_8	4_10	98.63	73	1	0	1	73	1	73	9e-51	  149
0_9	4_11	98.82	85	1	0	1	85	1	85	3e-60	  174
0_10	4_12	99.04	104	1	0	1	104	1	104	9e-76	  215
0_11	4_13	100.00	80	0	0	1	80	1	80	2e-57	  167
0_12	4_14	96.03	126	5	0	1	126	1	126	5e-91	  256
0_12	4_9	24.49	49	37	0	40	88	26	74	2e-04	30.8
0_13	4_15	97.41	116	3	0	1	116	1	116	3e-84	  238
0_14	4_16	98.88	269	3	0	1	269	1	269	0.0	  561
0_15	4_17	33.15	181	118	2	1	180	1	179	4e-27	96.7
0_16	4_18	98.52	405	6	0	1	405	1	405	0.0	  840
0_17	4_19	100.00	60	0	0	1	60	1	60	1e-39	  120
0_18	4_20	98.90	273	3	0	1	273	1	273	0.0	  530
0_19	4_21	47.27	55	29	0	7	61	8	62	2e-15	58.2
0_21	4_22	98.36	61	1	0	1	61	1	61	3e-38	  117
0_22	4_23	98.15	108	2	0	1	108	1	108	2e-76	  217
0_23	4_24	98.57	350	5	0	1	350	1	350	0.0	  726
0_24	4_26	96.93	391	12	0	1	391	1	391	0.0	  802
0_25	4_27	97.62	168	4	0	1	168	1	168	3e-123	  341
0_26	4_28	98.48	66	1	0	1	66	1	66	5e-43	  129
0_27	4_29	97.67	86	2	0	1	86	1	86	2e-57	  167
0_28	4_30	97.28	147	4	0	1	147	1	147	2e-105	  294
0_29	4_31	100.00	314	0	0	1	314	1	314	0.0	  662
0_30	4_32	96.15	78	3	0	1	78	1	78	9e-53	  155
0_31	4_33	91.78	73	6	0	1	73	1	73	9e-48	  142
0_32	4_34	98.57	70	1	0	1	70	1	70	3e-49	  145
0_33	4_35	98.04	102	2	0	1	102	1	102	2e-71	  204
0_34	4_37	97.19	854	24	0	1	854	1	854	0.0	 1732
0_35	4_38	99.27	681	5	0	1	681	1	681	0.0	 1400
0_36	4_39	100.00	131	0	0	1	131	1	131	1e-96	  270
0_37	4_40	65.52	116	30	2	1	112	1	110	4e-48	  145
0_38	4_25	46.84	158	83	1	1	158	1	157	1e-45	  142
0_38	4_46	37.90	124	76	1	27	150	29	151	5e-17	67.0
0_38	4_4	31.41	156	87	5	15	156	7	156	6e-17	67.0
0_39	4_41	98.39	436	7	0	1	436	1	436	0.0	  899
0_40	4_42	99.43	176	1	0	1	176	1	176	4e-133	  366
0_41	4_43	99.83	581	1	0	1	581	1	581	0.0	 1209
0_42	4_17	45.24	42	20	2	107	146	82	122	1e-04	33.5
0_43	4_43	88.89	297	31	1	27	323	565	859	0.0	  562
0_44	4_44	97.03	101	3	0	1	101	1	101	3e-72	  206
0_45	4_45	91.76	85	7	0	1	85	1	85	7e-57	  168
0_46	4_47	99.39	326	2	0	1	326	1	326	0.0	  679
0_47	4_48	99.86	717	1	0	1	717	1	717	0.0	 1503
0_48	4_49	100.00	250	0	0	1	250	1	250	0.0	  519
0_49	4_50	100.00	267	0	0	1	267	1	267	0.0	  535
0_50	4_51	100.00	184	0	0	1	184	1	184	3e-137	  377
0_51	4_52	100.00	149	0	0	1	149	1	149	3e-103	  288
0_52	4_53	97.73	88	2	0	1	88	1	88	8e-63	  181
0_53	4_54	100.00	50	0	0	1	50	1	50	3e-33	  103
0_54	4_55	95.56	45	2	0	1	45	1	45	2e-27	87.8
0_55	4_56	100.00	76	0	0	1	76	1	76	9e-53	  154
0_56	4_57	97.15	3753	102	1	1	3753	1	3748	0.0	 7493
0_57	4_58	82.74	649	109	1	1	646	1	649	0.0	 1035
0_58	4_59	98.04	153	3	0	1	153	1	153	1e-106	  298
0_59	4_60	96.43	56	2	0	1	56	656	711	5e-33	  112
0_60	4_60	94.59	666	32	1	173	838	1	662	0.0	 1189
0_60	4_61	95.03	161	8	0	1	161	1	161	4e-108	  326
0_61	4_62	98.20	278	5	0	1	278	1	278	0.0	  566
0_62	4_63	100.00	211	0	0	1	211	1	211	3e-156	  428
0_63	4_64	100.00	400	0	0	1	400	1	400	0.0	  826
0_64	4_65	99.01	406	4	0	1	406	1	406	0.0	  814
0_65	4_66	100.00	114	0	0	1	114	1	114	2e-81	  230
0_66	4_67	99.47	756	4	0	1	756	1	756	0.0	 1555
0_67	4_68	99.40	166	1	0	1	166	1	166	1e-121	  336
0_68	4_69	97.63	211	5	0	1	211	1	211	1e-155	  427
0_69	4_70	98.84	86	1	0	1	86	1	86	5e-59	  171
0_70	4_71	97.27	110	3	0	1	110	1	110	2e-75	  214
0_71	4_73	98.78	491	6	0	1	491	1	491	0.0	 1010
0_71	4_72	97.70	348	8	0	504	851	1	348	0.0	  704
0_71	4_74	37.33	150	75	7	20	152	306	453	1e-14	69.3
0_72	4_74	68.58	401	123	2	1	400	1	399	0.0	  567
0_72	4_73	25.97	231	114	11	294	476	8	229	3e-06	41.6
0_73	4_75	98.31	236	4	0	1	236	1	236	2e-179	  489
0_74	4_76	99.81	529	1	0	1	529	1	529	0.0	 1099
0_75	4_77	100.00	229	0	0	1	229	1	229	4e-173	  472
0_76	4_78	96.74	92	3	0	1	92	1	92	4e-64	  184
0_77	4_79	96.21	132	5	0	1	132	1	132	2e-95	  267
0_77	4_80	37.50	40	25	0	32	71	29	68	1e-04	31.6
0_78	4_80	94.23	104	6	0	1	104	1	104	4e-72	  206
0_79	4_81	92.78	97	7	0	1	97	1	97	9e-64	  185
