4_0	6_0	97.20	107	3	0	1	107	1	107	3e-75	  214
4_1	6_1	100.00	48	0	0	1	48	1	48	1e-29	94.0
4_3	6_2	100.00	127	0	0	1	127	1	127	1e-93	  262
4_5	6_3	63.33	60	22	0	1	60	1	60	3e-26	87.0
4_6	6_5	92.00	50	4	0	1	50	1	50	6e-21	71.6
4_7	6_6	100.00	57	0	0	1	57	1	57	8e-41	  123
4_8	6_7	95.24	42	2	0	1	42	1	42	4e-26	84.3
4_9	6_8	100.00	102	0	0	1	102	1	102	3e-73	  209
4_9	6_13	26.53	49	36	0	26	74	40	88	2e-05	33.1
4_10	6_9	93.15	73	5	0	1	73	1	73	3e-48	  143
4_11	6_10	100.00	85	0	0	1	85	1	85	3e-61	  177
4_12	6_11	96.15	104	4	0	1	104	1	104	9e-74	  210
4_13	6_12	95.00	80	4	0	1	80	1	80	3e-54	  158
4_14	6_13	89.68	126	13	0	1	126	1	126	1e-84	  239
4_14	6_8	26.53	49	36	0	40	88	26	74	2e-04	30.8
4_15	6_14	99.14	116	1	0	1	116	1	116	4e-85	  240
4_16	6_15	97.79	272	6	0	1	272	1	272	0.0	  559
4_17	6_18	25.00	144	79	5	1	116	4	146	4e-04	31.6
4_18	6_19	98.11	264	5	0	142	405	1	264	0.0	  550
4_18	6_17	95.74	141	6	0	1	141	1	141	1e-97	  284
4_19	6_20	96.67	60	2	0	1	60	1	60	5e-38	  116
4_20	6_21	96.32	272	10	0	1	272	1	272	0.0	  515
4_21	6_22	96.77	62	2	0	1	62	1	62	6e-42	  126
4_22	6_24	98.36	61	1	0	1	61	1	61	2e-39	  119
4_23	6_25	100.00	108	0	0	1	108	1	108	3e-77	  219
4_24	6_26	98.86	350	4	0	1	350	1	350	0.0	  725
4_26	6_27	97.70	391	9	0	1	391	1	391	0.0	  807
4_27	6_28	98.21	168	3	0	1	168	1	168	1e-124	  344
4_28	6_29	93.94	66	4	0	1	66	1	66	9e-41	  123
4_29	6_30	95.35	86	4	0	1	86	1	86	3e-55	  161
4_30	6_32	97.28	147	4	0	1	147	1	147	3e-105	  293
4_31	6_33	98.73	314	4	0	1	314	1	314	0.0	  655
4_32	6_34	93.59	78	5	0	1	78	1	78	4e-51	  150
4_33	6_35	97.26	73	2	0	1	73	1	73	1e-50	  149
4_34	6_36	97.14	70	2	0	1	70	1	70	3e-49	  145
4_35	6_37	97.06	102	3	0	1	102	1	102	6e-71	  203
4_37	6_38	93.79	853	53	0	1	853	1	853	0.0	 1664
4_38	6_39	95.90	683	26	1	1	681	1	683	0.0	 1350
4_39	6_40	100.00	131	0	0	1	131	1	131	1e-96	  270
4_40	6_41	68.97	116	26	2	1	110	1	112	4e-51	  153
4_41	6_42	99.08	436	4	0	1	436	1	436	0.0	  902
4_42	6_43	99.43	176	1	0	1	176	1	176	4e-133	  366
4_43	6_44	99.77	859	2	0	1	859	1	859	0.0	 1794
4_44	6_45	95.05	101	5	0	1	101	1	101	1e-70	  202
4_45	6_46	91.76	85	7	0	1	85	1	85	2e-56	  168
4_47	6_47	98.47	326	5	0	1	326	1	326	0.0	  674
4_48	6_48	99.86	717	1	0	1	717	1	717	0.0	 1503
4_49	6_49	100.00	250	0	0	1	250	1	250	0.0	  519
4_50	6_50	98.13	267	5	0	1	267	1	267	0.0	  527
4_51	6_51	99.46	184	1	0	1	184	1	184	8e-137	  376
4_52	6_52	96.64	149	5	0	1	149	1	149	1e-98	  277
4_53	6_53	95.45	88	4	0	1	88	1	88	4e-61	  177
4_54	6_54	100.00	50	0	0	1	50	1	50	3e-33	  103
4_55	6_55	97.78	45	1	0	1	45	1	45	5e-28	89.4
4_56	6_56	100.00	76	0	0	1	76	1	76	9e-53	  154
4_57	6_57	98.24	3748	66	0	1	3748	1	3748	0.0	 7572
4_58	6_58	86.75	649	86	0	1	649	1	649	0.0	 1132
4_59	6_59	76.47	153	30	2	1	153	1	147	4e-76	  220
4_60	6_60	93.99	715	39	1	1	711	1	715	0.0	 1307
4_61	6_61	98.42	190	3	0	1	190	1	190	2e-142	  391
4_62	6_62	97.84	278	6	0	1	278	1	278	0.0	  566
4_63	6_63	99.53	211	1	0	1	211	1	211	6e-156	  427
4_64	6_64	99.75	400	1	0	1	400	1	400	0.0	  825
4_65	6_65	99.26	406	3	0	1	406	1	406	0.0	  818
4_66	6_66	100.00	114	0	0	1	114	1	114	2e-81	  230
4_67	6_67	99.07	756	7	0	1	756	1	756	0.0	 1547
4_68	6_68	98.80	166	2	0	1	166	1	166	5e-121	  335
4_69	6_69	97.63	211	5	0	1	211	1	211	1e-155	  427
4_70	6_70	98.84	86	1	0	1	86	1	86	5e-59	  171
4_71	6_71	98.18	110	2	0	1	110	1	110	3e-76	  217
4_73	6_72	68.39	174	51	1	1	174	1	170	2e-73	  243
4_73	6_73	31.48	108	67	5	4	106	291	396	2e-05	38.5
4_74	6_73	67.46	378	120	1	1	375	1	378	3e-168	  514
4_74	6_72	36.24	149	80	5	306	454	20	153	1e-13	66.2
4_75	6_74	99.15	236	2	0	1	236	1	236	0.0	  493
4_76	6_75	99.81	529	1	0	1	529	1	529	0.0	 1100
4_77	6_76	100.00	229	0	0	1	229	1	229	4e-173	  472
4_78	6_77	96.74	92	3	0	1	92	1	92	4e-64	  184
4_79	6_78	92.42	132	10	0	1	132	1	132	2e-91	  257
4_79	6_79	35.00	40	26	0	32	71	29	68	5e-04	29.6
4_80	6_79	97.12	104	3	0	1	104	1	104	1e-73	  209
4_80	6_78	37.50	40	25	0	29	68	32	71	5e-05	32.0
4_81	6_80	99.03	103	1	0	1	103	1	103	3e-72	  206
