0_0	6_0	99.07	107	1	0	1	107	1	107	5e-76	  216
0_1	6_1	79.17	48	10	0	1	48	1	48	9e-22	73.6
0_3	6_2	99.21	127	0	1	1	126	1	127	4e-91	  256
0_4	6_3	81.25	96	18	0	1	96	1	96	7e-57	  167
0_6	6_7	95.24	42	2	0	1	42	1	42	4e-26	84.3
0_7	6_8	100.00	102	0	0	1	102	1	102	3e-73	  209
0_7	6_13	26.53	49	36	0	26	74	40	88	2e-05	33.1
0_8	6_9	94.52	73	4	0	1	73	1	73	1e-48	  144
0_9	6_10	98.82	85	1	0	1	85	1	85	3e-60	  174
0_10	6_11	97.12	104	3	0	1	104	1	104	1e-74	  212
0_11	6_12	95.00	80	4	0	1	80	1	80	3e-54	  158
0_12	6_13	91.27	126	11	0	1	126	1	126	2e-84	  239
0_12	6_8	24.49	49	37	0	40	88	26	74	2e-04	30.8
0_13	6_14	96.55	116	4	0	1	116	1	116	1e-83	  236
0_14	6_15	97.79	271	6	0	1	271	1	271	0.0	  556
0_15	6_18	25.81	155	88	4	1	129	4	157	6e-08	42.7
0_16	6_19	98.11	264	5	0	142	405	1	264	0.0	  550
0_16	6_17	100.00	141	0	0	1	141	1	141	3e-100	  291
0_17	6_20	96.67	60	2	0	1	60	1	60	5e-38	  116
0_18	6_21	97.43	272	7	0	1	272	1	272	0.0	  522
0_19	6_22	45.45	55	30	0	7	61	8	62	2e-14	55.5
0_21	6_24	96.72	61	2	0	1	61	1	61	4e-38	  116
0_22	6_25	98.15	108	2	0	1	108	1	108	2e-76	  217
0_23	6_26	97.43	350	9	0	1	350	1	350	0.0	  719
0_24	6_27	98.72	391	5	0	1	391	1	391	0.0	  812
0_25	6_28	97.02	168	5	0	1	168	1	168	7e-123	  340
0_26	6_29	95.45	66	3	0	1	66	1	66	2e-41	  125
0_27	6_30	97.67	86	2	0	1	86	1	86	1e-55	  162
0_28	6_32	97.28	147	4	0	1	147	1	147	1e-105	  294
0_29	6_33	98.73	314	4	0	1	314	1	314	0.0	  655
0_30	6_34	96.15	78	3	0	1	78	1	78	9e-52	  152
0_31	6_35	94.59	74	4	0	1	74	1	74	5e-50	  147
0_32	6_36	95.71	70	3	0	1	70	1	70	6e-48	  142
0_33	6_37	97.06	102	3	0	1	102	1	102	2e-71	  204
0_34	6_38	93.90	853	52	0	1	853	1	853	0.0	 1664
0_35	6_39	96.05	683	25	1	1	681	1	683	0.0	 1348
0_36	6_40	100.00	131	0	0	1	131	1	131	1e-96	  270
0_37	6_41	95.54	112	5	0	1	112	1	112	3e-78	  222
0_39	6_42	99.08	436	4	0	1	436	1	436	0.0	  905
0_40	6_43	100.00	176	0	0	1	176	1	176	6e-134	  369
0_41	6_44	99.66	581	2	0	1	581	1	581	0.0	 1208
0_42	6_18	48.15	27	14	0	115	141	121	147	1e-04	33.1
0_43	6_44	89.23	297	30	1	27	323	565	859	0.0	  563
0_44	6_45	94.06	101	6	0	1	101	1	101	8e-70	  200
0_45	6_46	98.92	93	1	0	1	93	1	93	9e-68	  194
0_46	6_47	98.77	326	4	0	1	326	1	326	0.0	  675
0_47	6_48	99.72	717	2	0	1	717	1	717	0.0	 1502
0_48	6_49	100.00	250	0	0	1	250	1	250	0.0	  519
0_49	6_50	98.13	267	5	0	1	267	1	267	0.0	  527
0_50	6_51	99.46	184	1	0	1	184	1	184	8e-137	  376
0_51	6_52	96.64	149	5	0	1	149	1	149	1e-98	  277
0_52	6_53	97.73	88	2	0	1	88	1	88	2e-62	  180
0_53	6_54	100.00	50	0	0	1	50	1	50	3e-33	  103
0_54	6_55	97.78	45	1	0	1	45	1	45	1e-27	89.0
0_55	6_56	100.00	76	0	0	1	76	1	76	9e-53	  154
0_56	6_57	97.82	3753	77	1	1	3753	1	3748	0.0	 7546
0_57	6_58	93.86	651	37	1	1	648	1	651	0.0	 1228
0_58	6_59	77.12	153	29	2	1	153	1	147	4e-77	  222
0_59	6_60	96.43	56	2	0	1	56	660	715	3e-33	  112
0_60	6_60	94.74	666	35	0	173	838	1	666	0.0	 1226
0_60	6_61	96.27	161	6	0	1	161	1	161	8e-109	  328
0_61	6_62	99.28	278	2	0	1	278	1	278	0.0	  572
0_62	6_63	99.53	211	1	0	1	211	1	211	6e-156	  427
0_63	6_64	99.75	400	1	0	1	400	1	400	0.0	  825
0_64	6_65	99.26	406	3	0	1	406	1	406	0.0	  816
0_65	6_66	100.00	114	0	0	1	114	1	114	2e-81	  230
0_66	6_67	99.60	756	3	0	1	756	1	756	0.0	 1558
0_67	6_68	99.40	166	1	0	1	166	1	166	1e-121	  337
0_68	6_69	100.00	211	0	0	1	211	1	211	4e-159	  435
0_69	6_70	100.00	86	0	0	1	86	1	86	5e-60	  174
0_70	6_71	97.27	110	3	0	1	110	1	110	1e-75	  215
0_71	6_72	68.97	174	50	1	1	174	1	170	9e-71	  243
0_71	6_73	32.41	108	66	5	4	106	291	396	2e-05	39.3
0_72	6_73	76.20	395	88	2	1	394	1	390	0.0	  607
0_72	6_72	25.23	222	112	8	294	464	8	226	9e-06	40.4
0_73	6_74	98.31	236	4	0	1	236	1	236	9e-180	  490
0_74	6_75	99.62	529	2	0	1	529	1	529	0.0	 1098
0_75	6_76	100.00	229	0	0	1	229	1	229	4e-173	  472
0_76	6_77	100.00	92	0	0	1	92	1	92	2e-65	  187
0_77	6_78	96.21	132	5	0	1	132	1	132	6e-94	  263
0_77	6_79	37.50	40	25	0	32	71	29	68	1e-04	31.6
0_78	6_79	95.19	104	5	0	1	104	1	104	6e-73	  208
0_78	6_78	38.89	36	22	0	33	68	36	71	3e-04	30.0
0_79	6_80	93.81	97	6	0	1	97	1	97	3e-64	  186
