# cline: mcl /data11/bio/G7C_project/analysis_2020/faa/Results_Feb14/WorkingDirectory/OrthoFinder_v2.2.1_graph.txt "-I" "1.5" "-o" "/data11/bio/G7C_project/analysis_2020/faa/Results_Feb14/WorkingDirectory/clusters_OrthoFinder_v2.2.1_I1.5.txt" "-te" "1" "-V" "all"
(mclheader
mcltype matrix
dimensions 883x100
)
(mclmatrix
begin
0   71 150 229 311 312 394 395 474 555 636 637 716 795 874 $
1   0 81 159 238 322 404 483 564 646 725 804 $
2   1 82 160 239 323 405 484 565 647 726 805 $
3   3 83 161 240 325 406 485 566 648 727 806 $
4   4 85 162 241 327 407 486 567 649 728 807 $
5   6 87 165 246 330 410 490 571 652 731 810 $
6   7 88 166 247 331 411 491 572 653 732 811 $
7   8 89 167 248 332 412 492 573 654 733 812 $
8   9 90 168 249 333 413 493 574 656 734 813 $
9   10 91 169 250 334 414 494 575 657 735 814 $
10  11 92 170 251 335 415 495 576 658 736 815 $
11  12 93 171 252 336 416 496 577 659 737 816 $
12  13 94 172 253 337 417 497 578 660 738 817 $
13  14 95 173 254 338 418 498 579 662 739 818 $
14  16 97 175 258 340 420 502 583 666 741 820 $
15  17 98 176 259 341 421 503 584 667 742 821 $
16  18 99 177 260 342 422 504 585 668 743 822 $
17  19 100 178 261 343 423 505 586 669 744 823 $
18  21 101 180 263 344 425 507 588 670 746 825 $
19  22 102 181 264 345 426 508 589 671 747 826 $
20  23 103 182 265 346 427 509 590 672 748 827 $
21  24 105 183 266 348 428 510 591 673 749 828 $
22  25 106 184 267 349 429 511 592 674 750 829 $
23  26 107 185 268 350 430 512 593 675 751 830 $
24  27 108 186 269 351 431 513 594 676 752 831 $
25  28 109 187 271 352 432 515 596 678 753 832 $
26  29 110 188 272 353 433 516 597 679 754 833 $
27  30 111 189 273 354 434 517 598 680 755 834 $
28  31 112 190 274 355 435 518 599 681 756 835 $
29  32 113 191 275 356 436 519 600 682 757 836 $
30  33 114 192 276 357 437 520 601 683 758 837 $
31  34 116 194 277 359 439 521 602 684 760 839 $
32  35 117 195 278 360 440 522 603 685 761 840 $
33  36 118 197 279 361 442 523 604 686 763 841 $
34  37 119 198 280 362 443 524 605 687 764 842 $
35  39 120 199 281 363 444 525 607 688 765 843 $
36  40 121 200 282 364 445 526 608 689 766 844 $
37  41 122 201 283 365 446 527 609 690 767 845 $
38  44 123 202 284 366 447 528 610 691 768 846 $
39  45 124 203 285 367 448 529 611 692 769 847 $
40  46 126 204 286 369 449 530 612 693 770 848 $
41  47 127 205 287 370 450 531 613 694 771 849 $
42  48 128 206 288 371 451 532 614 695 772 850 $
43  49 129 207 289 372 452 533 615 696 773 851 $
44  50 130 208 290 373 453 534 616 697 774 852 $
45  51 131 209 291 374 454 535 617 698 775 853 $
46  53 134 211 293 376 456 537 619 699 777 855 $
47  54 135 212 294 377 457 538 620 700 778 856 $
48  56 136 214 296 379 459 540 622 702 780 858 $
49  57 137 215 297 380 460 541 623 703 781 860 $
50  58 138 216 298 381 461 542 624 704 782 861 $
51  60 139 217 299 382 462 543 625 705 783 862 $
52  61 140 219 300 384 464 545 626 706 785 864 $
53  62 141 220 301 385 465 546 627 707 786 865 $
54  63 142 221 302 386 466 547 628 708 787 866 $
55  64 143 222 303 387 467 548 629 709 788 867 $
56  65 144 223 304 388 468 549 630 710 789 868 $
57  66 145 224 305 389 469 550 631 711 790 869 $
58  67 146 225 306 390 470 551 632 712 791 870 $
59  68 147 226 307 391 471 552 633 713 792 871 $
60  69 148 227 309 392 472 553 634 714 793 872 $
61  70 149 228 310 393 473 554 635 715 794 873 $
62  72 151 230 313 396 475 556 638 717 796 875 $
63  73 152 231 314 397 476 557 639 718 797 876 $
64  74 153 232 316 398 477 558 640 719 798 877 $
65  75 154 233 317 399 478 559 641 720 799 878 $
66  76 155 234 318 400 479 560 642 721 800 879 $
67  77 156 235 319 401 480 561 643 722 801 880 $
68  78 157 236 320 402 481 562 644 723 802 881 $
69  79 158 237 321 403 482 563 645 724 803 882 $
70  52 133 210 292 375 455 536 618 776 854 $
71  86 164 244 328 409 488 569 651 730 809 $
72  163 243 408 487 568 650 729 808 $
73  15 96 174 339 419 740 819 $
74  179 262 424 506 587 745 824 $
75  38 84 104 132 326 347 $
76  55 295 378 539 621 701 $
77  115 193 358 438 759 838 $
78  218 383 463 544 784 863 $
79  42 257 501 582 665 $
80  213 458 779 857 $
81  245 329 489 570 $
82  255 499 580 663 $
83  256 500 581 664 $
84  270 514 595 677 $
85  196 441 762 $
86  2 324 $
87  125 368 $
88  5 $
89  20 $
90  43 $
91  59 $
92  80 $
93  242 $
94  308 $
95  315 $
96  606 $
97  655 $
98  661 $
99  859 $
)
